structure(list(`Country/Product` = structure(1:60, .Label = c("Country_0 Product_4", 
"Country_0 Product_5", "Country_0 Product_6", "Country_0 Product_7", 
"Country_0 Product_8", "Country_10 Product_4", "Country_10 Product_5", 
"Country_10 Product_6", "Country_10 Product_7", "Country_10 Product_8", 
"Country_11 Product_4", "Country_11 Product_5", "Country_11 Product_6", 
"Country_11 Product_7", "Country_11 Product_8", "Country_12 Product_4", 
"Country_12 Product_5", "Country_12 Product_6", "Country_12 Product_7", 
"Country_12 Product_8", "Country_2 Product_4", "Country_2 Product_5", 
"Country_2 Product_6", "Country_2 Product_7", "Country_2 Product_8", 
"Country_3 Product_4", "Country_3 Product_5", "Country_3 Product_6", 
"Country_3 Product_7", "Country_3 Product_8", "Country_4 Product_4", 
"Country_4 Product_5", "Country_4 Product_6", "Country_4 Product_7", 
"Country_4 Product_8", "Country_5 Product_4", "Country_5 Product_5", 
"Country_5 Product_6", "Country_5 Product_7", "Country_5 Product_8", 
"Country_6 Product_4", "Country_6 Product_5", "Country_6 Product_6", 
"Country_6 Product_7", "Country_6 Product_8", "Country_7 Product_4", 
"Country_7 Product_5", "Country_7 Product_6", "Country_7 Product_7", 
"Country_7 Product_8", "Country_8 Product_4", "Country_8 Product_5", 
"Country_8 Product_6", "Country_8 Product_7", "Country_8 Product_8", 
"Country_9 Product_4", "Country_9 Product_5", "Country_9 Product_6", 
"Country_9 Product_7", "Country_9 Product_8"), class = "factor"), 
    model = structure(c(5L, 5L, 3L, 5L, 2L, 5L, 2L, 2L, 1L, 5L, 
    2L, 1L, 1L, 1L, 2L, 4L, 1L, 5L, 1L, 2L, 5L, 3L, 2L, 5L, 1L, 
    1L, 4L, 1L, 2L, 2L, 2L, 1L, 2L, 2L, 2L, 2L, 1L, 1L, 5L, 2L, 
    5L, 5L, 5L, 3L, 1L, 4L, 3L, 2L, 1L, 3L, 5L, 1L, 1L, 1L, 2L, 
    1L, 2L, 1L, 1L, 2L), .Label = c("ENSEM", "ETS", "NNAR", "PROPHET", 
    "RWD"), class = "factor"), `2015-10` = c(404434L, 33346L, 
    18432L, 52262L, 714938L, 57013L, 15884L, 14723L, 8382L, 60010L, 
    3090672L, 206884L, 471928L, 290781L, 2972020L, 93205L, 2584L, 
    16744L, 6924L, 46389L, 94156L, 5304L, 9344L, 7419L, 65152L, 
    19026L, 1426L, 3075L, 6674L, 25221L, 414138L, 30770L, 83919L, 
    12779L, 213157L, 62156L, 1504L, 2474L, 473L, 75874L, 321893L, 
    8956L, 36542L, 13567L, 217406L, 605134L, 42936L, 88705L, 
    81510L, 725907L, 94142L, 4464L, 9816L, 6328L, 36433L, 11017L, 
    384L, 798L, 1108L, 74950L), `2015-11` = c(338979L, 27280L, 
    28862L, 30758L, 935633L, 53523L, 19624L, 14214L, 9770L, 57564L, 
    3108561L, 214560L, 451317L, 304971L, 3115477L, 117940L, 1556L, 
    16573L, 6992L, 35098L, 92875L, 3696L, 7690L, 8645L, 53339L, 
    12420L, 1552L, 3026L, 5399L, 16365L, 425572L, 41738L, 81822L, 
    19792L, 209211L, 47658L, 312L, 3096L, 1205L, 79002L, 340755L, 
    11096L, 38812L, 17595L, 227667L, 556716L, 33100L, 69690L, 
    82434L, 683141L, 108177L, 2908L, 11438L, 10080L, 39324L, 
    44827L, 268L, 713L, 1602L, 111711L), `2015-12` = c(429631L, 
    18648L, 35079L, 40872L, 1038493L, 55808L, 13148L, 9214L, 
    7957L, 52988L, 2640060L, 188842L, 357220L, 259715L, 2811352L, 
    81342L, 4504L, 12884L, 4706L, 30848L, 73646L, 6404L, 8616L, 
    10099L, 45754L, 13080L, 1092L, 2379L, 6176L, 9650L, 327367L, 
    38558L, 62088L, 9504L, 172144L, 72185L, 230L, 3574L, 460L, 
    55906L, 265940L, 6474L, 23619L, 11334L, 163361L, 525370L, 
    32082L, 68941L, 79394L, 637902L, 71694L, 3812L, 9236L, 7366L, 
    36765L, 24556L, 328L, 1375L, 880L, 84674L), `2016-01` = c(375479L, 
    19012L, 30875L, 38971L, 713877L, 39630L, 11202L, 17730L, 
    9502L, 57374L, 2675676L, 170192L, 392273L, 244182L, 2399053L, 
    94478L, 1000L, 15332L, 2182L, 31596L, 64543L, 3212L, 7336L, 
    6367L, 28743L, 15160L, 1656L, 2984L, 8225L, 15537L, 379925L, 
    35932L, 67266L, 7221L, 184442L, 49062L, 396L, 5382L, 1224L, 
    38806L, 284812L, 12052L, 30330L, 14660L, 225917L, 449815L, 
    14754L, 59436L, 94064L, 487961L, 77862L, 2352L, 9335L, 4741L, 
    20311L, 40968L, 2012L, 340L, 411L, 69848L), `2016-02` = c(476205L, 
    23068L, 33108L, 55319L, 611168L, 44924L, 18474L, 21454L, 
    11479L, 44781L, 3190804L, 233562L, 512953L, 337328L, 2610017L, 
    88320L, 3516L, 18855L, 5918L, 36432L, 73101L, 5464L, 12898L, 
    7228L, 46414L, 16441L, 800L, 5301L, 8357L, 18768L, 453492L, 
    42268L, 90953L, 14179L, 223809L, 59659L, 164L, 461L, 973L, 
    41978L, 314394L, 13444L, 40889L, 20457L, 225038L, 572062L, 
    37872L, 84831L, 114038L, 600229L, 113756L, 3784L, 16160L, 
    6238L, 36658L, 43195L, 744L, 109L, 2316L, 84297L), `2016-03` = c(442663L, 
    35560L, 24913L, 58176L, 860211L, 67520L, 11848L, 17489L, 
    16359L, 54970L, 3441058L, 233322L, 495971L, 344489L, 2963717L, 
    128012L, 3688L, 16316L, 7432L, 43795L, 102081L, 6268L, 12402L, 
    8963L, 41971L, 16259L, 1756L, 4528L, 12014L, 22937L, 433437L, 
    46058L, 91376L, 18147L, 201372L, 77197L, 444L, 3342L, 1745L, 
    44213L, 447804L, 10682L, 49013L, 24491L, 335118L, 644777L, 
    28416L, 78679L, 91201L, 676548L, 77614L, 2744L, 8433L, 6044L, 
    34525L, 29528L, 2068L, 1634L, 1066L, 36677L), `2016-04` = c(489896L, 
    33098L, 16919L, 49288L, 696990L, 52990L, 14068L, 17585L, 
    16772L, 45129L, 3311502L, 226636L, 486363L, 331682L, 2836755L, 
    118010L, 2096L, 21714L, 4046L, 40035L, 99164L, 5564L, 10578L, 
    15315L, 34961L, 13357L, 1316L, 3788L, 4767L, 17146L, 430627L, 
    42410L, 82201L, 18354L, 202439L, 64542L, 104L, 1853L, 869L, 
    72578L, 332530L, 11756L, 42961L, 20758L, 189008L, 650439L, 
    35418L, 90275L, 89781L, 763450L, 91826L, 2596L, 11312L, 5467L, 
    33685L, 32149L, 1652L, 0L, 432L, 120281L), `2016-05` = c(439415L, 
    27714L, 25864L, 74585L, 768663L, 46420L, 11304L, 12901L, 
    8954L, 52623L, 3318094L, 208264L, 470250L, 373332L, 2835932L, 
    147816L, 2804L, 21329L, 4591L, 42328L, 83150L, 6100L, 8077L, 
    10542L, 41068L, 19454L, 1278L, 4528L, 10596L, 18898L, 442325L, 
    33970L, 78000L, 18992L, 161847L, 75220L, 1276L, 2415L, 1487L, 
    123306L, 381624L, 11244L, 43378L, 21832L, 215825L, 599569L, 
    33204L, 87547L, 102681L, 774930L, 100385L, 10940L, 11979L, 
    6930L, 37218L, 25825L, NA, 194L, 806L, 40691L), `2016-06` = c(610121L, 
    21528L, 32759L, 80932L, 773654L, 71942L, 16184L, 17017L, 
    14013L, 67238L, 3825668L, 240776L, 550341L, 443305L, 2868354L, 
    149563L, 8100L, 26530L, 8645L, 48981L, 122569L, 10492L, 14980L, 
    10062L, 54561L, 20844L, 498L, 4577L, 13124L, 18748L, 450098L, 
    38966L, 93451L, 21891L, 180648L, 73925L, 1104L, NA, 2785L, 
    68567L, 499557L, 15514L, 54455L, 40773L, 295119L, 665814L, 
    35584L, 102568L, 118163L, 667164L, 108215L, 7772L, 16630L, 
    10225L, 38389L, 23296L, 0L, 1078L, 1940L, 59472L), `2016-07` = c(481154L, 
    46618L, 38570L, 97563L, 622678L, 51706L, 12940L, 17024L, 
    10680L, 60174L, 3337881L, 229340L, 535678L, 434501L, 2766855L, 
    127666L, 4100L, 29402L, 9411L, 33018L, 95442L, 7572L, 9798L, 
    11611L, 39469L, 17901L, 752L, 4086L, 6948L, 15483L, 424192L, 
    37088L, 92349L, 23202L, 200692L, 83381L, 1044L, 5664L, 3685L, 
    119658L, 409430L, 9682L, 45549L, 40514L, 249980L, 552295L, 
    25156L, 85528L, 95658L, 706520L, 103971L, 5664L, 12367L, 
    6908L, 35084L, 41267L, 240L, 351L, 1112L, 63533L), `2016-08` = c(668959L, 
    45920L, 39102L, 143046L, 1063453L, 51466L, 10756L, 11245L, 
    10364L, 61663L, 3390734L, 226948L, 488421L, 445219L, 3044112L, 
    111879L, 5912L, 18918L, 3268L, 33181L, 70963L, 3620L, 9255L, 
    6652L, 32202L, 18534L, 1080L, 4015L, 6461L, 20335L, 462594L, 
    38210L, 92880L, 24940L, 215839L, 66631L, 804L, 2293L, 535L, 
    85266L, 209775L, 5388L, 29549L, 15239L, 119022L, 618379L, 
    29872L, 83892L, 95344L, 669883L, 67756L, 4012L, 9166L, 8812L, 
    29974L, 17303L, 48L, 2192L, 4450L, 104759L), `2016-09` = c(516346L, 
    24292L, 31176L, 56737L, 739814L, 57612L, 13128L, 16500L, 
    10349L, 57151L, 3875451L, 208708L, 565314L, 425515L, 3017010L, 
    169316L, 6360L, 28348L, 6041L, 43364L, 97740L, 6468L, 10005L, 
